ASC_BIKE = 64.59539822210559
ASC_TRANSIT = -1.148976908413701
ASC_WALK = 75.11207234012956
B_CHOICE = -28.143670568800815
B_COST = 0.016953176882868237
B_DIST = 6.858504265501623
B_TIME = -0.011575992388488766
