ASC_BIKE = -3.3604978181648297
ASC_TRANSIT = -62.148034066219815
ASC_WALK = -2.1198095311214447
B_CHOICE = -1212.9596547410274
B_COST = 4.5348007776890175e-05
B_DIST = -1.1436764722967143
B_TIME = -0.2019313527820782
