ASC_BIKE = -657.3260353732534
ASC_TRANSIT = -2111.121871190289
ASC_WALK = -655.6890651771591
B_CHOICE = -1212.959654741274
B_COST = -3.1043885525372974
B_DIST = -118.06849067862288
B_TIME = -1.9236778670419579
